1	0.809791783905	0.798786969299	0.847917839055	
2	0.796707934721	0.77161883324	0.810417057463	
3	0.814668917651	0.769977490152	0.797208153567	
4	0.826345901332	0.768164196836	0.788938910773	
5	0.828518726943	0.765350465829	0.780357031201	
6	0.829253423373	0.763099481023	0.770962296005	
7	0.82930031889	0.76109860564	0.761333083224	
8	0.829503532796	0.759285312324	0.753235790658	
9	0.829691114863	0.757565810042	0.744607015569	
10	0.829722378541	0.756268367411	0.737385105984	
11	0.829769274057	0.75584630776	0.730929156506	
12	0.829863065091	0.755643093854	0.724723316451	
13	0.829956856125	0.755314825236	0.719127118114	
14	0.829972487963	0.755205402364	0.714703307697	
15	0.830050647158	0.755377352592	0.710982930032	
16	0.830081910836	0.755533670981	0.708059776152	
17	0.830081910836	0.755861939599	0.706246482836	
18	0.830144438192	0.756174576377	0.704964672044	
19	0.83017570187	0.756487213156	0.703604702057	
20	0.830191333708	0.756581004189	0.702948164822	
