1	0.753829800538	0.841977740261	0.917135621835	
2	0.745576189583	0.824016757331	0.904536359657	
3	0.734508847621	0.807400112549	0.902082160945	
4	0.719424123054	0.792268492465	0.901128618771	
5	0.69786781717	0.780013130745	0.899643594072	
6	0.66121115488	0.768617520165	0.899112111549	
7	0.600059400988	0.757847183143	0.897408241105	
8	0.513193272057	0.747201900832	0.897330081911	
9	0.413571562559	0.736822359782	0.897455136622	
10	0.318014131182	0.724801475646	0.897376977428	
11	0.249593572188	0.713374601388	0.898330519602	
12	0.215375476771	0.699962483587	0.897908459951	
13	0.199024573251	0.684799599825	0.897689614206	
14	0.191568186081	0.671356218346	0.897173763522	
15	0.187128743825	0.65872569249	0.897283186394	
16	0.184127430751	0.64631401238	0.897595823173	
17	0.182126555368	0.634543237666	0.897236290877	
18	0.180657162509	0.622334771463	0.896970549615	
19	0.179125242294	0.609266554117	0.897330081911	
20	0.178171700119	0.59579190896	0.898017882824	
21	0.177468267367	0.58192646783	0.747467642093	
22	0.176921153004	0.567623335209	0.746717313825	
23	0.176092665541	0.554289376602	0.746435940724	
24	0.175920715313	0.539439129619	0.745419871194	
25	0.175436128306	0.525323579066	0.744435065341	
26	0.174951541299	0.509379103358	0.743293941099	
27	0.17493590946	0.493059463515	0.742168448696	
28	0.174685800038	0.475286062652	0.741230538361	
29	0.174560745326	0.456434064903	0.740167573313	
30	0.17421684487	0.439004564497	0.738745075971	
31	0.174279372225	0.420715312949	0.73758831989	
32	0.174138685675	0.401660101294	0.736462827487	
33	0.174123053836	0.382464203089	0.734884011755	
34	0.174123053836	0.366082035891	0.73364909648	
35	0.174076158319	0.351575689364	0.732101544426	
36	0.173951103608	0.339117113737	0.730413305821	
37	0.173872944413	0.328737572688	0.729022072157	
38	0.173810417057	0.318670668417	0.727693365848	
39	0.173716626024	0.310151316201	0.726333395861	
40	0.173560307635	0.303195147877	0.724832739323	
41	0.173435252923	0.297505158507	0.723050709685	
42	0.173357093729	0.292518601888	0.722144063028	
43	0.173216407178	0.288485587445	0.721065466141	
44	0.173075720628	0.285030951041	0.720424560745	
45	0.173075720628	0.281748264866	0.719533545926	
46	0.172966297755	0.279169011443	0.71889264053	
47	0.172888138561	0.277136872382	0.718001625711	
48	0.172872506722	0.275464265616	0.717188770087	
49	0.172981929594	0.273885449884	0.716751078597	
50	0.172888138561	0.272009629213	0.716313387107	
